resx: 1280
resy: 720
num_kp: 2
camera {
  fx: 675.61713
  fy: 675.61713
  cx: 632.1181
  cy: 338.28537
  baseline: 0.120007
  resx: 1280.0
  resy: 720.0
}
