### P=-6.74824204 S=2.18e-21 {'omega': 'pi/8'} ###
dim(GG)=21, rank=3, num_u1s=0, BF=unstable

=== 8x8s ===
 0      ,  0      ,  0      ,  0      ,  0      ,  0      ,  0      ,  0      
 0      ,  0      ,  0      ,  0      ,  0      ,  0      ,  0      ,  0      
 0      ,  0      ,  0      ,  0      ,  0      ,  0      ,  0      ,  0      
 0      ,  0      ,  0      ,  0      ,  0      ,  0      ,  0      ,  0      
 0      ,  0      ,  0      ,  0      ,  0      ,  0      ,  0      ,  0      
 0      ,  0      ,  0      ,  0      ,  0      ,  0      ,  0      ,  0      
 0      ,  0      ,  0      ,  0      ,  0      ,  0      ,  0      ,  0      
 0      ,  0      ,  0      ,  0      ,  0      ,  0      ,  0      ,  0      
=== 8x8c ===
+0.05234, -0.00014, +0.00661, +0.00011, +0.00021,  0      , +0.00007, -0.00005
-0.00014, +0.05226, +0.00887, +0.00014, +0.00028,  0      , +0.00009, -0.00007
+0.00661, +0.00887, -0.36626, -0.00682, -0.01309,  0      , -0.00437, +0.00328
+0.00011, +0.00014, -0.00682, +0.05234, -0.00021,  0      , -0.00007, +0.00005
+0.00021, +0.00028, -0.01309, -0.00021, +0.05204,  0      , -0.00014, +0.00010
 0      ,  0      ,  0      ,  0      ,  0      , +0.05245,  0      ,  0      
+0.00007, +0.00009, -0.00437, -0.00007, -0.00014,  0      , +0.05240, +0.00003
-0.00005, -0.00007, +0.00328, +0.00005, +0.00010,  0      , +0.00003, +0.05242

(m^2/m0^2)[psi]: +1.350 x8
(m^2/m0^2)[vec]: +0.000 x49, +2.400 x7
(m^2/m0^2)[chi]: +0.150 x48, +5.400 x8
(m^2/m0^2)[phi]: -2.400 x27, -1.200 x35, +0.000 x7, +6.000 x1


### P=-7.03973131 S=4.02e-22 {'omega': 'pi/8'} ###
dim(GG)=14, rank=2, num_u1s=0, N=1, BF=stable

=== 8x8s ===
+0.04279,  0      ,  0      ,  0      ,  0      ,  0      ,  0      ,  0      
 0      , +0.04279,  0      ,  0      ,  0      ,  0      ,  0      ,  0      
 0      ,  0      , +0.04279,  0      ,  0      ,  0      ,  0      ,  0      
 0      ,  0      ,  0      , +0.04279,  0      ,  0      ,  0      ,  0      
 0      ,  0      ,  0      ,  0      , +0.04279,  0      ,  0      ,  0      
 0      ,  0      ,  0      ,  0      ,  0      , +0.04279,  0      ,  0      
 0      ,  0      ,  0      ,  0      ,  0      ,  0      , +0.04279,  0      
 0      ,  0      ,  0      ,  0      ,  0      ,  0      ,  0      , -0.29950
=== 8x8c ===
+0.04168, -0.00011, -0.00092, +0.01940, +0.00015, +0.00004,  0      , -0.00031
-0.00011, +0.04278, -0.00009, +0.00186, +0.00001,  0      ,  0      , -0.00003
-0.00092, -0.00009, +0.04202, +0.01619, +0.00012, +0.00004,  0      , -0.00026
+0.01940, +0.00186, +0.01619, -0.29750, -0.00256, -0.00078,  0      , +0.00543
+0.00015, +0.00001, +0.00012, -0.00256, +0.04277, -0.00001,  0      , +0.00004
+0.00004,  0      , +0.00004, -0.00078, -0.00001, +0.04278,  0      , +0.00001
 0      ,  0      ,  0      ,  0      ,  0      ,  0      , +0.04279,  0      
-0.00031, -0.00003, -0.00026, +0.00543, +0.00004, +0.00001,  0      , +0.04270

(m^2/m0^2)[psi]: +1.000 x1, +1.500 x7
(m^2/m0^2)[vec]: +0.000 x42, +0.275 x7, +2.725 x7
(m^2/m0^2)[chi]: +0.000 x14, +0.167 x27, +1.500 x7, +6.000 x8
(m^2/m0^2)[phi]: -2.242 x27, -1.425 x27, +0.000 x14, +1.551 x1, +6.449 x1


### P=-7.77052744 S=7.3e-28 {'omega': 'pi/8'} ###
dim(GG)=21, rank=3, num_u1s=0, BF=unstable

=== 8x8s ===
 0      ,  0      ,  0      ,  0      ,  0      ,  0      ,  0      ,  0      
 0      ,  0      ,  0      ,  0      ,  0      ,  0      ,  0      ,  0      
 0      ,  0      ,  0      ,  0      ,  0      ,  0      ,  0      ,  0      
 0      ,  0      ,  0      ,  0      ,  0      ,  0      ,  0      ,  0      
 0      ,  0      ,  0      ,  0      ,  0      ,  0      ,  0      ,  0      
 0      ,  0      ,  0      ,  0      ,  0      ,  0      ,  0      ,  0      
 0      ,  0      ,  0      ,  0      ,  0      ,  0      ,  0      ,  0      
 0      ,  0      ,  0      ,  0      ,  0      ,  0      ,  0      ,  0      
=== 8x8c ===
-0.08008, -0.00038, +0.00002,  0      , +0.00019, +0.00002, +0.00049, -0.00001
-0.00038, +0.13983, -0.01369,  0      , -0.10871, -0.01357, -0.28339, +0.00385
+0.00002, -0.01369, -0.07923,  0      , +0.00677, +0.00084, +0.01764, -0.00024
 0      ,  0      ,  0      , -0.08008,  0      ,  0      ,  0      ,  0      
+0.00019, -0.10871, +0.00677,  0      , -0.02633, +0.00671, +0.14010, -0.00190
+0.00002, -0.01357, +0.00084,  0      , +0.00671, -0.07924, +0.01748, -0.00024
+0.00049, -0.28339, +0.01764,  0      , +0.14010, +0.01748, +0.28514, -0.00496
-0.00001, +0.00385, -0.00024,  0      , -0.00190, -0.00024, -0.00496, -0.08001

(m^2/m0^2)[psi]: +1.350 x8
(m^2/m0^2)[vec]: +0.000 x49, +2.400 x7
(m^2/m0^2)[chi]: +0.150 x48, +5.400 x8
(m^2/m0^2)[phi]: -2.400 x27, -1.200 x35, +0.000 x7, +6.000 x1


### P=-7.94300846 S=8.47e-23 {'omega': 'pi/8'} ###
dim(GG)=14, rank=2, num_u1s=0, N=1, BF=stable

=== 8x8s ===
+0.03191,  0      ,  0      ,  0      ,  0      ,  0      ,  0      ,  0      
 0      , +0.03191,  0      ,  0      ,  0      ,  0      ,  0      ,  0      
 0      ,  0      , +0.03191,  0      ,  0      ,  0      ,  0      ,  0      
 0      ,  0      ,  0      , +0.03191,  0      ,  0      ,  0      ,  0      
 0      ,  0      ,  0      ,  0      , +0.03191,  0      ,  0      ,  0      
 0      ,  0      ,  0      ,  0      ,  0      , +0.03191,  0      ,  0      
 0      ,  0      ,  0      ,  0      ,  0      ,  0      , +0.03191,  0      
 0      ,  0      ,  0      ,  0      ,  0      ,  0      ,  0      , -0.22339
=== 8x8c ===
-0.07546,  0      , +0.00012, -0.00019, +0.00032, +0.00023, -0.01432, +0.00011
 0      , -0.07580,  0      ,  0      ,  0      ,  0      ,  0      ,  0      
+0.00012,  0      , -0.07575, -0.00007, +0.00011, +0.00008, -0.00522, +0.00004
-0.00019,  0      , -0.00007, -0.07570, -0.00017, -0.00012, +0.00784, -0.00006
+0.00032,  0      , +0.00011, -0.00017, -0.07550, +0.00021, -0.01333, +0.00010
+0.00023,  0      , +0.00008, -0.00012, +0.00021, -0.07565, -0.00956, +0.00007
-0.01432,  0      , -0.00522, +0.00784, -0.01333, -0.00956, +0.52962, -0.00470
+0.00011,  0      , +0.00004, -0.00006, +0.00010, +0.00007, -0.00470, -0.07576

(m^2/m0^2)[psi]: +1.000 x1, +1.500 x7
(m^2/m0^2)[vec]: +0.000 x42, +0.275 x7, +2.725 x7
(m^2/m0^2)[chi]: +0.000 x14, +0.167 x27, +1.500 x7, +6.000 x8
(m^2/m0^2)[phi]: -2.242 x27, -1.425 x27, +0.000 x14, +1.551 x1, +6.449 x1


### P=-8.35418931 S=8.93e-21 {'omega': 'pi/8'} ###
dim(GG)=9, rank=3, num_u1s=1, N=2, BF=stable

=== 8x8s ===
+0.49624,  0      ,  0      ,  0      ,  0      ,  0      ,  0      ,  0      
 0      , -0.04030,  0      ,  0      ,  0      ,  0      ,  0      ,  0      
 0      ,  0      , -0.04030,  0      ,  0      ,  0      ,  0      ,  0      
 0      ,  0      ,  0      , -0.04030,  0      ,  0      ,  0      ,  0      
 0      ,  0      ,  0      ,  0      , -0.04030,  0      ,  0      ,  0      
 0      ,  0      ,  0      ,  0      ,  0      , -0.04030,  0      ,  0      
 0      ,  0      ,  0      ,  0      ,  0      ,  0      , -0.04030,  0      
 0      ,  0      ,  0      ,  0      ,  0      ,  0      ,  0      , -0.25444
=== 8x8c ===
+0.06761,  0      ,  0      ,  0      ,  0      ,  0      ,  0      ,  0      
 0      , +0.06761,  0      ,  0      ,  0      ,  0      ,  0      ,  0      
 0      ,  0      , +0.06761,  0      ,  0      ,  0      ,  0      ,  0      
 0      ,  0      ,  0      , -0.20283,  0      ,  0      ,  0      ,  0      
 0      ,  0      ,  0      ,  0      , -0.20283,  0      ,  0      ,  0      
 0      ,  0      ,  0      ,  0      ,  0      , +0.06761,  0      ,  0      
 0      ,  0      ,  0      ,  0      ,  0      ,  0      , +0.06761,  0      
 0      ,  0      ,  0      ,  0      ,  0      ,  0      ,  0      , +0.06761

(m^2/m0^2)[psi]: +1.000 x2, +1.778 x6
(m^2/m0^2)[vec]: +0.000 x37, +0.444 x12, +3.111 x6, +4.000 x1
(m^2/m0^2)[chi]: +0.000 x16, +0.111 x18, +1.778 x12, +2.438 x2, +6.562 x2, +7.111 x6
(m^2/m0^2)[phi]: -2.222 x12, -2.000 x16, -1.556 x18, -1.123 x1, +0.000 x19, +2.000 x3, +7.123 x1


### P=-8.47213595 S=2.94e-22 {'omega': 'pi/8'} ###
dim(GG)=5, rank=3, num_u1s=2, BF=unstable

=== 8x8s ===
+0.13949,  0      ,  0      ,  0      ,  0      ,  0      ,  0      ,  0      
 0      , +0.13949,  0      ,  0      ,  0      ,  0      ,  0      ,  0      
 0      ,  0      , +0.07113,  0      ,  0      ,  0      ,  0      ,  0      
 0      ,  0      ,  0      , +0.07113,  0      ,  0      ,  0      ,  0      
 0      ,  0      ,  0      ,  0      , +0.07113,  0      ,  0      ,  0      
 0      ,  0      ,  0      ,  0      ,  0      , +0.07113,  0      ,  0      
 0      ,  0      ,  0      ,  0      ,  0      ,  0      , -0.28175,  0      
 0      ,  0      ,  0      ,  0      ,  0      ,  0      ,  0      , -0.28175
=== 8x8c ===
+0.07113,  0      ,  0      ,  0      ,  0      ,  0      ,  0      ,  0      
 0      , +0.07113,  0      ,  0      ,  0      ,  0      ,  0      ,  0      
 0      ,  0      , -0.28143, +0.01165,  0      ,  0      ,  0      ,  0      
 0      ,  0      , +0.01165, +0.13917,  0      ,  0      ,  0      ,  0      
 0      ,  0      ,  0      ,  0      , -0.08158, +0.21036,  0      ,  0      
 0      ,  0      ,  0      ,  0      , +0.21036, -0.06067,  0      ,  0      
 0      ,  0      ,  0      ,  0      ,  0      ,  0      , +0.07113,  0      
 0      ,  0      ,  0      ,  0      ,  0      ,  0      ,  0      , +0.07113

(m^2/m0^2)[psi]: +1.571 x4, +2.171 x4
(m^2/m0^2)[vec]: +0.000 x33, +0.079 x8, +0.850 x4, +3.062 x8, +3.950 x2, +5.367 x1
(m^2/m0^2)[chi]: +0.046 x4, +0.146 x8, +0.229 x16, +0.583 x4, +0.829 x4, +3.212 x8, +6.283 x4, +7.291 x4, +8.683 x4
(m^2/m0^2)[phi]: -2.833 x2, -2.387 x1, -2.098 x8, -1.833 x12, -1.416 x6, -1.394 x8, -1.155 x4, -0.633 x1, +0.000 x23, +5.537 x4, +7.120 x1


### P=-8.58071345 S=5.9e-13 {'omega': 'pi/8'} ###
dim(GG)=15, rank=3, num_u1s=0, BF=unstable

=== 8x8s ===
+0.00011,  0      ,  0      ,  0      ,  0      ,  0      ,  0      ,  0      
 0      , +0.00011,  0      ,  0      ,  0      ,  0      ,  0      ,  0      
 0      ,  0      , +0.00011,  0      ,  0      ,  0      ,  0      ,  0      
 0      ,  0      ,  0      , +0.00011,  0      ,  0      ,  0      ,  0      
 0      ,  0      ,  0      ,  0      , -0.00011,  0      ,  0      ,  0      
 0      ,  0      ,  0      ,  0      ,  0      , -0.00011,  0      ,  0      
 0      ,  0      ,  0      ,  0      ,  0      ,  0      , -0.00011,  0      
 0      ,  0      ,  0      ,  0      ,  0      ,  0      ,  0      , -0.00011
=== 8x8c ===
-0.02867,  0      ,  0      ,  0      ,  0      ,  0      ,  0      ,  0      
 0      , -0.02867,  0      ,  0      ,  0      ,  0      ,  0      ,  0      
 0      ,  0      , -0.02867,  0      ,  0      ,  0      ,  0      ,  0      
 0      ,  0      ,  0      , -0.02867,  0      ,  0      ,  0      ,  0      
 0      ,  0      ,  0      ,  0      , +0.07233, +0.47739, -0.09796, +0.00716
 0      ,  0      ,  0      ,  0      , +0.47739, +0.10300, -0.00596,  0      
 0      ,  0      ,  0      ,  0      , -0.09796, -0.00596, -0.03197, +0.00034
 0      ,  0      ,  0      ,  0      , +0.00716,  0      , +0.00034, -0.02870

(m^2/m0^2)[psi]: +1.687 x4, +1.688 x4
(m^2/m0^2)[vec]: +0.000 x43, +2.248 x2, +2.250 x8, +2.252 x2, +6.000 x1
(m^2/m0^2)[chi]: +0.187 x20, +0.188 x20, +4.686 x4, +4.689 x4, +6.748 x4, +6.752 x4
(m^2/m0^2)[phi]: -3.000 x20, -0.751 x6, -0.750 x8, -0.749 x6, -0.003 x3, +0.000 x22, +0.003 x3, +6.000 x2


### P=-8.87496773 S=9.96e-21 {'omega': 'pi/8'} ###
dim(GG)=4, rank=2, num_u1s=1, BF=unstable

=== 8x8s ===
+0.46074,  0      ,  0      ,  0      ,  0      ,  0      ,  0      ,  0      
 0      , +0.03090,  0      ,  0      ,  0      ,  0      ,  0      ,  0      
 0      ,  0      , -0.01602,  0      ,  0      ,  0      ,  0      ,  0      
 0      ,  0      ,  0      , -0.01602,  0      ,  0      ,  0      ,  0      
 0      ,  0      ,  0      ,  0      , -0.01602,  0      ,  0      ,  0      
 0      ,  0      ,  0      ,  0      ,  0      , -0.01602,  0      ,  0      
 0      ,  0      ,  0      ,  0      ,  0      ,  0      , -0.13386,  0      
 0      ,  0      ,  0      ,  0      ,  0      ,  0      ,  0      , -0.29369
=== 8x8c ===
+0.07992,  0      ,  0      ,  0      ,  0      ,  0      ,  0      , -0.00084
 0      , -0.26610,  0      ,  0      ,  0      ,  0      , -0.00084,  0      
 0      ,  0      , +0.09309,  0      ,  0      ,  0      ,  0      ,  0      
 0      ,  0      ,  0      , +0.09309,  0      ,  0      ,  0      ,  0      
 0      ,  0      ,  0      ,  0      , +0.09309,  0      ,  0      ,  0      
 0      ,  0      ,  0      ,  0      ,  0      , +0.09309,  0      ,  0      
 0      , -0.00084,  0      ,  0      ,  0      ,  0      , +0.07992,  0      
-0.00084,  0      ,  0      ,  0      ,  0      ,  0      ,  0      , -0.26610

(m^2/m0^2)[psi]: +1.349 x2, +1.639 x2, +2.139 x4
(m^2/m0^2)[vec]: +0.000 x32, +0.087 x4, +0.162 x4, +0.311 x1, +0.337 x1, +0.553 x1, +0.837 x2, +2.496 x4, +3.035 x4, +3.798 x1, +3.895 x1, +5.506 x1
(m^2/m0^2)[chi]: +0.009 x4, +0.011 x2, +0.053 x4, +0.079 x2, +0.099 x6, +0.137 x6, +0.162 x4, +0.898 x2, +0.924 x2, +1.238 x4, +2.135 x4, +3.191 x4, +5.397 x2, +6.436 x2, +6.558 x2, +7.096 x2, +8.555 x4
(m^2/m0^2)[phi]: -2.765 x1, -2.757 x1, -2.425 x3, -2.101 x4, -2.092 x4, -2.069 x1, -2.064 x3, -1.915 x6, -1.811 x4, -1.510 x1, -1.384 x3, -1.383 x2, -1.351 x3, -1.206 x4, +0.000 x24, +0.600 x1, +3.002 x1, +3.811 x1, +5.416 x2, +7.087 x1


### P=-8.93354129 S=3.07e-21 {'omega': 'pi/8'} ###
dim(GG)=4, rank=2, num_u1s=1, BF=unstable

=== 8x8s ===
+0.11621,  0      ,  0      ,  0      ,  0      ,  0      ,  0      ,  0      
 0      , +0.11621,  0      ,  0      ,  0      ,  0      ,  0      ,  0      
 0      ,  0      , +0.11621,  0      ,  0      ,  0      ,  0      ,  0      
 0      ,  0      ,  0      , +0.11621,  0      ,  0      ,  0      ,  0      
 0      ,  0      ,  0      ,  0      , +0.11621,  0      ,  0      ,  0      
 0      ,  0      ,  0      ,  0      ,  0      , +0.11621,  0      ,  0      
 0      ,  0      ,  0      ,  0      ,  0      ,  0      , -0.34862,  0      
 0      ,  0      ,  0      ,  0      ,  0      ,  0      ,  0      , -0.34862
=== 8x8c ===
 0      , +0.00001,  0      , +0.00001, -0.17149, -0.00001, -0.00001, +0.00001
+0.00001, -0.02945,  0      , -0.00001, -0.00001, +0.17149, +0.00001, +0.00001
 0      ,  0      , +0.04417,  0      ,  0      , -0.00001,  0      , -0.00001
+0.00001, -0.00001,  0      , +0.04417, +0.00001, +0.00001, +0.00002,  0      
-0.17149, -0.00001,  0      , +0.00001, -0.02945,  0      , +0.00001, +0.00001
-0.00001, +0.17149, -0.00001, +0.00001,  0      ,  0      , +0.00001, -0.00001
-0.00001, +0.00001,  0      , +0.00002, +0.00001, +0.00001, -0.18684, -0.00002
+0.00001, +0.00001, -0.00001,  0      , +0.00001, -0.00001, -0.00002, +0.15740

(m^2/m0^2)[psi]: +1.897 x6, +2.402 x2
(m^2/m0^2)[vec]: +0.000 x32, +0.050 x6, +0.301 x5, +2.979 x6, +3.782 x3, +4.129 x1, +4.648 x3
(m^2/m0^2)[chi]: +0.068 x6, +0.183 x2, +0.249 x6, +0.354 x10, +0.560 x6, +1.759 x10, +5.157 x2, +7.586 x6, +7.587 x6, +9.607 x2
(m^2/m0^2)[phi]: -3.215 x1, -2.363 x5, -2.302 x3, -2.073 x10, -1.505 x3, -1.320 x6, -1.291 x2, -1.094 x2, -1.051 x1, -0.739 x5, +0.000 x24, +2.795 x5, +7.075 x1, +9.073 x2


### P=-9.11014064 S=3.37e-26 {'omega': 'pi/8'} ###
dim(GG)=6, rank=2, num_u1s=0, BF=unstable

=== 8x8s ===
+0.14826,  0      ,  0      ,  0      ,  0      ,  0      ,  0      ,  0      
 0      , +0.14826,  0      ,  0      ,  0      ,  0      ,  0      ,  0      
 0      ,  0      , +0.14826,  0      ,  0      ,  0      ,  0      ,  0      
 0      ,  0      ,  0      , +0.14826,  0      ,  0      ,  0      ,  0      
 0      ,  0      ,  0      ,  0      , -0.14826,  0      ,  0      ,  0      
 0      ,  0      ,  0      ,  0      ,  0      , -0.14826,  0      ,  0      
 0      ,  0      ,  0      ,  0      ,  0      ,  0      , -0.14826,  0      
 0      ,  0      ,  0      ,  0      ,  0      ,  0      ,  0      , -0.14826
=== 8x8c ===
+0.12233,  0      ,  0      ,  0      ,  0      ,  0      ,  0      ,  0      
 0      , -0.22906, +0.21631, +0.04100,  0      ,  0      ,  0      ,  0      
 0      , +0.21631, -0.01083, -0.02524,  0      ,  0      ,  0      ,  0      
 0      , +0.04100, -0.02524, +0.11755,  0      ,  0      ,  0      ,  0      
 0      ,  0      ,  0      ,  0      , +0.09082, +0.00658, -0.11918, +0.01343
 0      ,  0      ,  0      ,  0      , +0.00658, +0.12096, +0.02490, -0.00280
 0      ,  0      ,  0      ,  0      , -0.11918, +0.02490, -0.32839, +0.05078
 0      ,  0      ,  0      ,  0      , +0.01343, -0.00280, +0.05078, +0.11661

(m^2/m0^2)[psi]: +2.092 x8
(m^2/m0^2)[vec]: +0.000 x34, +0.185 x9, +3.580 x6, +4.185 x7
(m^2/m0^2)[chi]: +0.065 x8, +0.431 x16, +1.333 x16, +7.700 x8, +8.370 x8
(m^2/m0^2)[phi]: -3.426 x1, -2.420 x10, -1.815 x15, -1.121 x1, -0.767 x9, +0.000 x22, +1.927 x9, +7.006 x1, +10.185 x1, +10.701 x1


### P=-9.93697710 S=5.74e-27 {'omega': 'pi/8'} ###
dim(GG)=1, rank=1, num_u1s=1, BF=unstable

=== 8x8s ===
+0.48427,  0      ,  0      ,  0      ,  0      ,  0      ,  0      ,  0      
 0      , +0.04157,  0      ,  0      ,  0      ,  0      ,  0      ,  0      
 0      ,  0      , +0.04157,  0      ,  0      ,  0      ,  0      ,  0      
 0      ,  0      ,  0      , +0.02627,  0      ,  0      ,  0      ,  0      
 0      ,  0      ,  0      ,  0      , +0.02627,  0      ,  0      ,  0      
 0      ,  0      ,  0      ,  0      ,  0      , +0.02380,  0      ,  0      
 0      ,  0      ,  0      ,  0      ,  0      ,  0      , -0.32187,  0      
 0      ,  0      ,  0      ,  0      ,  0      ,  0      ,  0      , -0.32187
=== 8x8c ===
-0.00004, +0.05312, -0.03374, -0.13096, -0.04500, -0.03892, -0.00372, -0.03892
+0.05312, +0.00004, +0.13096, +0.03374, -0.03892, -0.04496, -0.03892, -0.00367
-0.03374, +0.13096, -0.00004, -0.05312, +0.00372, +0.03892, +0.04500, +0.03892
-0.13096, +0.03374, -0.05312, +0.00004, -0.03892, -0.00367, -0.03892, -0.04496
-0.04500, -0.03892, +0.00372, -0.03892,  0      , -0.13096, +0.03370, +0.05312
-0.03892, -0.04496, +0.03892, -0.00367, -0.13096,  0      , +0.05312, +0.03379
-0.00372, -0.03892, +0.04500, -0.03892, +0.03370, +0.05312,  0      , -0.13096
-0.03892, -0.00367, +0.03892, -0.04496, +0.05312, +0.03379, -0.13096,  0      

(m^2/m0^2)[psi]: +1.413 x1, +1.704 x2, +2.180 x1, +2.185 x2, +2.714 x2
(m^2/m0^2)[vec]: +0.000 x29, +0.034 x2, +0.050 x2, +0.136 x2, +0.210 x1, +0.234 x2, +0.456 x1, +0.611 x2, +1.177 x2, +2.618 x2, +2.899 x2, +2.909 x2, +3.632 x1, +3.634 x2, +4.070 x1, +4.211 x1, +5.800 x2
(m^2/m0^2)[chi]: +0.005 x4, +0.027 x1, +0.042 x2, +0.065 x1, +0.073 x2, +0.081 x2, +0.109 x2, +0.131 x2, +0.163 x1, +0.178 x1, +0.191 x2, +0.197 x2, +0.420 x2, +0.533 x1, +1.281 x2, +1.396 x1, +1.731 x2, +1.843 x2, +1.977 x1, +2.146 x2, +2.265 x2, +3.904 x2, +4.241 x1, +5.056 x2, +5.650 x1, +6.814 x2, +6.860 x1, +7.048 x1, +7.276 x2, +7.579 x2, +8.720 x1, +8.739 x2, +10.855 x2
(m^2/m0^2)[phi]: -2.860 x1, -2.839 x1, -2.710 x2, -2.445 x2, -2.385 x2, -2.373 x2, -2.255 x2, -2.039 x1, -1.934 x2, -1.864 x1, -1.781 x2, -1.679 x2, -1.439 x2, -1.411 x2, -1.347 x2, -1.278 x1, -0.954 x2, -0.895 x2, -0.805 x2, -0.753 x1, +0.000 x27, +2.506 x1, +3.253 x1, +3.633 x2, +4.644 x2, +7.058 x2, +7.190 x1


### P=-10.06520411 S=6.99e-22 {'omega': 'pi/8'} ###
dim(GG)=1, rank=1, num_u1s=1, BF=unstable

=== 8x8s ===
+0.16838,  0      ,  0      ,  0      ,  0      ,  0      ,  0      ,  0      
 0      , +0.14187,  0      ,  0      ,  0      ,  0      ,  0      ,  0      
 0      ,  0      , +0.14187,  0      ,  0      ,  0      ,  0      ,  0      
 0      ,  0      ,  0      , +0.08805,  0      ,  0      ,  0      ,  0      
 0      ,  0      ,  0      ,  0      , +0.05768,  0      ,  0      ,  0      
 0      ,  0      ,  0      ,  0      ,  0      , -0.18634,  0      ,  0      
 0      ,  0      ,  0      ,  0      ,  0      ,  0      , -0.18634,  0      
 0      ,  0      ,  0      ,  0      ,  0      ,  0      ,  0      , -0.22517
=== 8x8c ===
+0.03447,  0      ,  0      ,  0      ,  0      ,  0      ,  0      , +0.00315
 0      , +0.26310,  0      ,  0      ,  0      ,  0      , +0.24043,  0      
 0      ,  0      , -0.33204,  0      ,  0      , +0.01823,  0      ,  0      
 0      ,  0      ,  0      , +0.03447, -0.00315,  0      ,  0      ,  0      
 0      ,  0      ,  0      , -0.00315, +0.03447,  0      ,  0      ,  0      
 0      ,  0      , +0.01823,  0      ,  0      , -0.33204,  0      ,  0      
 0      , +0.24043,  0      ,  0      ,  0      ,  0      , +0.26310,  0      
+0.00315,  0      ,  0      ,  0      ,  0      ,  0      ,  0      , +0.03447

(m^2/m0^2)[psi]: +1.629 x2, +1.972 x1, +2.018 x1, +2.191 x1, +2.360 x2, +2.929 x1
(m^2/m0^2)[vec]: +0.000 x29, +0.041 x2, +0.049 x1, +0.077 x1, +0.091 x1, +0.134 x2, +0.319 x2, +0.372 x2, +1.174 x2, +2.143 x1, +2.434 x2, +2.777 x1, +2.826 x1, +3.046 x2, +3.881 x1, +4.015 x2, +4.027 x2, +5.457 x1, +6.100 x1
(m^2/m0^2)[chi]: +0.009 x2, +0.013 x2, +0.015 x1, +0.055 x1, +0.062 x2, +0.064 x1, +0.102 x2, +0.111 x2, +0.123 x1, +0.149 x2, +0.159 x2, +0.210 x1, +0.247 x1, +0.254 x1, +0.326 x2, +0.484 x2, +1.339 x2, +1.606 x1, +1.776 x2, +1.862 x2, +2.125 x2, +2.322 x1, +2.549 x1, +2.727 x1, +3.907 x1, +4.168 x1, +5.268 x2, +6.518 x2, +6.604 x1, +6.999 x2, +7.040 x2, +7.232 x1, +7.494 x1, +7.888 x1, +8.070 x1, +8.765 x1, +9.439 x2, +11.714 x1
(m^2/m0^2)[phi]: -2.981 x2, -2.953 x1, -2.554 x2, -2.547 x1, -2.512 x2, -2.412 x1, -2.358 x2, -2.267 x2, -2.059 x2, -1.781 x1, -1.670 x2, -1.661 x1, -1.619 x1, -1.522 x1, -1.404 x2, -1.350 x1, -1.261 x1, -1.233 x1, -0.948 x2, -0.881 x1, -0.767 x2, -0.719 x1, +0.000 x27, +0.972 x2, +2.567 x2, +3.337 x1, +4.848 x1, +4.899 x2, +6.817 x1, +6.925 x1, +7.400 x1


### P=-10.16983903 S=4.67e-27 {'omega': 'pi/8'} ###
dim(GG)=6, rank=2, num_u1s=0, N=3, BF=stable

=== 8x8s ===
+0.46094,  0      ,  0      ,  0      ,  0      ,  0      ,  0      ,  0      
 0      , +0.03393,  0      ,  0      ,  0      ,  0      ,  0      ,  0      
 0      ,  0      , +0.03393,  0      ,  0      ,  0      ,  0      ,  0      
 0      ,  0      ,  0      , +0.03393,  0      ,  0      ,  0      ,  0      
 0      ,  0      ,  0      ,  0      , +0.03393,  0      ,  0      ,  0      
 0      ,  0      ,  0      ,  0      ,  0      , -0.19888,  0      ,  0      
 0      ,  0      ,  0      ,  0      ,  0      ,  0      , -0.19888,  0      
 0      ,  0      ,  0      ,  0      ,  0      ,  0      ,  0      , -0.19888
=== 8x8c ===
+0.24743,  0      ,  0      ,  0      , -0.21351,  0      ,  0      ,  0      
 0      , -0.08248,  0      ,  0      ,  0      , +0.11640,  0      ,  0      
 0      ,  0      , -0.08248,  0      ,  0      ,  0      , -0.11640,  0      
 0      ,  0      ,  0      , -0.08248,  0      ,  0      ,  0      , +0.11640
-0.21351,  0      ,  0      ,  0      , +0.24743,  0      ,  0      ,  0      
 0      , +0.11640,  0      ,  0      ,  0      , -0.08248,  0      ,  0      
 0      ,  0      , -0.11640,  0      ,  0      ,  0      , -0.08248,  0      
 0      ,  0      ,  0      , +0.11640,  0      ,  0      ,  0      , -0.08248

(m^2/m0^2)[psi]: +1.000 x3, +2.250 x4, +3.000 x1
(m^2/m0^2)[vec]: +0.000 x34, +0.750 x12, +1.268 x3, +3.750 x4, +4.732 x3
(m^2/m0^2)[chi]: +0.000 x13, +0.250 x12, +0.536 x3, +2.250 x12, +3.000 x8, +7.464 x3, +9.000 x4, +12.000 x1
(m^2/m0^2)[phi]: -2.250 x4, -2.196 x1, -2.000 x18, -1.250 x12, -0.732 x6, +0.000 x22, +2.732 x6, +8.196 x1


### P=-10.18820526 S=4.79e-27 {'omega': 'pi/8'} ###
dim(GG)=4, rank=2, num_u1s=1, BF=unstable

=== 8x8s ===
+0.45100,  0      ,  0      ,  0      ,  0      ,  0      ,  0      ,  0      
 0      , +0.03859,  0      ,  0      ,  0      ,  0      ,  0      ,  0      
 0      ,  0      , +0.03859,  0      ,  0      ,  0      ,  0      ,  0      
 0      ,  0      ,  0      , +0.03859,  0      ,  0      ,  0      ,  0      
 0      ,  0      ,  0      ,  0      , +0.03859,  0      ,  0      ,  0      
 0      ,  0      ,  0      ,  0      ,  0      , -0.17360,  0      ,  0      
 0      ,  0      ,  0      ,  0      ,  0      ,  0      , -0.17360,  0      
 0      ,  0      ,  0      ,  0      ,  0      ,  0      ,  0      , -0.25814
=== 8x8c ===
-0.06751,  0      , -0.00017,  0      , +0.10610,  0      , -0.00017,  0      
 0      , +0.24479, -0.00034, +0.00127,  0      , -0.20620, -0.00034, -0.00127
-0.00017, -0.00034, -0.10978,  0      , +0.00017, +0.00034, -0.14836,  0      
 0      , +0.00127,  0      , -0.06750,  0      , -0.00127,  0      , +0.10609
+0.10610,  0      , +0.00017,  0      , -0.06751,  0      , +0.00017,  0      
 0      , -0.20620, +0.00034, -0.00127,  0      , +0.24479, +0.00034, +0.00127
-0.00017, -0.00034, -0.14836,  0      , +0.00017, +0.00034, -0.10978,  0      
 0      , -0.00127,  0      , +0.10609,  0      , +0.00127,  0      , -0.06750

(m^2/m0^2)[psi]: +1.045 x3, +2.312 x4, +2.890 x1
(m^2/m0^2)[vec]: +0.000 x32, +0.056 x2, +0.513 x4, +0.594 x4, +1.233 x2, +1.273 x1, +1.442 x4, +3.733 x4, +4.524 x2, +5.607 x1
(m^2/m0^2)[chi]: +0.001 x9, +0.002 x1, +0.042 x3, +0.054 x4, +0.194 x4, +0.489 x2, +0.640 x1, +0.708 x4, +1.985 x4, +2.087 x4, +2.120 x2, +2.409 x2, +2.892 x4, +4.180 x3, +4.597 x1, +7.511 x2, +7.691 x1, +9.246 x4, +11.562 x1
(m^2/m0^2)[phi]: -2.326 x3, -2.286 x4, -2.193 x1, -2.126 x6, -1.805 x6, -1.723 x3, -1.692 x2, -1.595 x4, -1.245 x4, -0.873 x1, -0.631 x4, +0.000 x24, +0.905 x1, +2.000 x2, +2.245 x1, +3.629 x2, +4.427 x1, +8.179 x1


### P=-10.23727486 S=1.31e-27 {'omega': 'pi/8'} ###
dim(GG)=8, rank=2, num_u1s=0, BF=stable

=== 8x8s ===
+0.56212,  0      ,  0      ,  0      ,  0      ,  0      ,  0      ,  0      
 0      , -0.07876,  0      ,  0      ,  0      ,  0      ,  0      ,  0      
 0      ,  0      , -0.08056,  0      ,  0      ,  0      ,  0      ,  0      
 0      ,  0      ,  0      , -0.08056,  0      ,  0      ,  0      ,  0      
 0      ,  0      ,  0      ,  0      , -0.08056,  0      ,  0      ,  0      
 0      ,  0      ,  0      ,  0      ,  0      , -0.08056,  0      ,  0      
 0      ,  0      ,  0      ,  0      ,  0      ,  0      , -0.08056,  0      
 0      ,  0      ,  0      ,  0      ,  0      ,  0      ,  0      , -0.08056
=== 8x8c ===
-0.05842, +0.00115, +0.02442, +0.00608, -0.00001, +0.00001, +0.00027, +0.00028
+0.00115, -0.05849, +0.02375, -0.00625, -0.00001,  0      , +0.00036, +0.00011
+0.02442, +0.02375, +0.57468,  0      , -0.00020, +0.00009, +0.00827, +0.00512
+0.00608, -0.00625,  0      , -0.22133, -0.00002, -0.00005, +0.00131, -0.00212
-0.00001, -0.00001, -0.00020, -0.00002, -0.05914,  0      ,  0      ,  0      
+0.00001,  0      , +0.00009, -0.00005,  0      , -0.05914,  0      ,  0      
+0.00027, +0.00036, +0.00827, +0.00131,  0      ,  0      , -0.05904, +0.00008
+0.00028, +0.00011, +0.00512, -0.00212,  0      ,  0      , +0.00008, -0.05912

(m^2/m0^2)[psi]: +1.261 x1, +1.589 x6, +4.422 x1
(m^2/m0^2)[vec]: +0.000 x36, +0.128 x6, +2.321 x1, +2.757 x6, +3.194 x6, +4.520 x1
(m^2/m0^2)[chi]: +0.184 x8, +0.539 x6, +0.580 x12, +1.238 x8, +1.486 x1, +2.132 x6, +4.587 x6, +5.046 x1, +5.700 x1, +6.357 x6, +17.689 x1
(m^2/m0^2)[phi]: -1.641 x12, -1.504 x8, -1.275 x1, -1.073 x6, -0.908 x12, -0.235 x8, +0.000 x20, +1.138 x1, +5.914 x1, +6.223 x1


### P=-10.24518800 S=1.81e-26 {'omega': 'pi/8'} ###
dim(GG)=3, rank=1, num_u1s=0, BF=stable

=== 8x8s ===
+0.56657,  0      ,  0      ,  0      ,  0      ,  0      ,  0      ,  0      
 0      , -0.04990,  0      ,  0      ,  0      ,  0      ,  0      ,  0      
 0      ,  0      , -0.04990,  0      ,  0      ,  0      ,  0      ,  0      
 0      ,  0      ,  0      , -0.04990,  0      ,  0      ,  0      ,  0      
 0      ,  0      ,  0      ,  0      , -0.04990,  0      ,  0      ,  0      
 0      ,  0      ,  0      ,  0      ,  0      , -0.08326,  0      ,  0      
 0      ,  0      ,  0      ,  0      ,  0      ,  0      , -0.10839,  0      
 0      ,  0      ,  0      ,  0      ,  0      ,  0      ,  0      , -0.17533
=== 8x8c ===
+0.25797, -0.00398,  0      , +0.01028, +0.30786, -0.00398,  0      , +0.01028
-0.00398, -0.11254, -0.00106, -0.00011, -0.00398, -0.06264, +0.00106, -0.00011
 0      , -0.00106, -0.07917, +0.00014,  0      , -0.00106, +0.02928, +0.00014
+0.01028, -0.00011, +0.00014, -0.06626, +0.01028, -0.00011, -0.00014, -0.01636
+0.30786, -0.00398,  0      , +0.01028, +0.25797, -0.00398,  0      , +0.01028
-0.00398, -0.06264, -0.00106, -0.00011, -0.00398, -0.11254, +0.00106, -0.00011
 0      , +0.00106, +0.02928, -0.00014,  0      , +0.00106, -0.07917, -0.00014
+0.01028, -0.00011, +0.00014, -0.01636, +0.01028, -0.00011, -0.00014, -0.06626

(m^2/m0^2)[psi]: +1.288 x2, +1.330 x1, +1.723 x4, +4.360 x1
(m^2/m0^2)[vec]: +0.000 x31, +0.029 x2, +0.063 x4, +0.103 x1, +0.111 x4, +2.398 x4, +2.481 x2, +2.701 x1, +3.319 x4, +3.541 x1, +4.016 x2
(m^2/m0^2)[chi]: +0.164 x1, +0.234 x4, +0.274 x6, +0.363 x4, +0.371 x3, +0.645 x4, +0.738 x1, +0.810 x3, +0.951 x2, +1.160 x1, +1.357 x1, +1.604 x4, +1.796 x2, +1.953 x4, +2.191 x1, +4.075 x4, +5.152 x2, +5.322 x1, +5.373 x1, +5.543 x2, +6.893 x4, +17.441 x1
(m^2/m0^2)[phi]: -1.713 x4, -1.665 x3, -1.584 x1, -1.434 x6, -1.360 x6, -1.321 x5, -1.291 x3, -1.188 x2, -1.061 x4, -0.937 x4, -0.819 x1, -0.807 x1, -0.460 x1, +0.000 x25, +0.163 x1, +1.134 x1, +5.771 x1, +6.300 x1


### P=-10.27099527 S=1.94e-26 {'omega': 'pi/8'} ###
dim(GG)=6, rank=2, num_u1s=0, BF=stable

=== 8x8s ===
+0.55329,  0      ,  0      ,  0      ,  0      ,  0      ,  0      ,  0      
 0      , -0.02753,  0      ,  0      ,  0      ,  0      ,  0      ,  0      
 0      ,  0      , -0.02753,  0      ,  0      ,  0      ,  0      ,  0      
 0      ,  0      ,  0      , -0.02753,  0      ,  0      ,  0      ,  0      
 0      ,  0      ,  0      ,  0      , -0.02753,  0      ,  0      ,  0      
 0      ,  0      ,  0      ,  0      ,  0      , -0.14773,  0      ,  0      
 0      ,  0      ,  0      ,  0      ,  0      ,  0      , -0.14773,  0      
 0      ,  0      ,  0      ,  0      ,  0      ,  0      ,  0      , -0.14773
=== 8x8c ===
-0.08621,  0      , +0.01221, -0.01862, -0.05868,  0      , -0.01221, -0.01862
 0      , -0.08763,  0      ,  0      ,  0      , -0.06010,  0      ,  0      
+0.01221,  0      , +0.01730, -0.16006, +0.01221,  0      , -0.04483, -0.16006
-0.01862,  0      , -0.16006, +0.15654, -0.01862,  0      , +0.16006, +0.18406
-0.05868,  0      , +0.01221, -0.01862, -0.08621,  0      , -0.01221, -0.01862
 0      , -0.06010,  0      ,  0      ,  0      , -0.08763,  0      ,  0      
-0.01221,  0      , -0.04483, +0.16006, -0.01221,  0      , +0.01730, +0.16006
-0.01862,  0      , -0.16006, +0.18406, -0.01862,  0      , +0.16006, +0.15654

(m^2/m0^2)[psi]: +1.155 x3, +1.872 x4, +4.108 x1
(m^2/m0^2)[vec]: +0.000 x34, +0.189 x8, +1.944 x4, +2.281 x3, +3.448 x4, +4.151 x3
(m^2/m0^2)[chi]: +0.043 x1, +0.177 x9, +0.236 x8, +0.456 x3, +0.733 x4, +1.346 x3, +1.667 x5, +1.761 x8, +3.653 x4, +4.620 x3, +5.992 x3, +7.489 x4, +16.433 x1
(m^2/m0^2)[phi]: -1.966 x4, -1.739 x9, -1.603 x9, -1.591 x1, -1.180 x8, -0.981 x5, -0.731 x4, +0.000 x22, +0.582 x1, +0.617 x5, +5.290 x1, +6.721 x1


### P=-10.31163682 S=1.42e-27 {'omega': 'pi/8'} ###
dim(GG)=2, rank=2, num_u1s=2, BF=unstable

=== 8x8s ===
+0.15229,  0      ,  0      ,  0      ,  0      ,  0      ,  0      ,  0      
 0      , +0.15229,  0      ,  0      ,  0      ,  0      ,  0      ,  0      
 0      ,  0      , +0.15229,  0      ,  0      ,  0      ,  0      ,  0      
 0      ,  0      ,  0      , +0.15229,  0      ,  0      ,  0      ,  0      
 0      ,  0      ,  0      ,  0      , -0.15229,  0      ,  0      ,  0      
 0      ,  0      ,  0      ,  0      ,  0      , -0.15229,  0      ,  0      
 0      ,  0      ,  0      ,  0      ,  0      ,  0      , -0.15229,  0      
 0      ,  0      ,  0      ,  0      ,  0      ,  0      ,  0      , -0.15229
=== 8x8c ===
-0.12963, +0.00189, -0.20893, -0.21105, -0.14453, -0.00139, +0.00194, +0.00099
+0.00189, +0.04268, -0.00058, -0.00007, -0.00166, -0.00002, +0.00002, +0.00001
-0.20893, -0.00058, +0.09365, -0.00364, +0.16822, +0.00162, -0.00226, -0.00115
-0.21105, -0.00007, -0.00364, -0.00670, +0.10771, +0.00104, -0.00145, -0.00074
-0.14453, -0.00166, +0.16822, +0.10771, +0.27069, +0.00190, -0.00817, -0.00157
-0.00139, -0.00002, +0.00162, +0.00104, +0.00190, +0.04132, -0.02341, -0.00002
+0.00194, +0.00002, -0.00226, -0.00145, -0.00817, -0.02341, -0.35470,  0      
+0.00099, +0.00001, -0.00115, -0.00074, -0.00157, -0.00002,  0      , +0.04269

(m^2/m0^2)[psi]: +1.781 x4, +2.599 x4
(m^2/m0^2)[vec]: +0.000 x30, +0.083 x4, +0.214 x4, +0.812 x4, +2.030 x1, +3.063 x2, +3.437 x4, +3.721 x4, +3.894 x1, +6.000 x2
(m^2/m0^2)[chi]: +0.016 x4, +0.033 x4, +0.165 x8, +0.194 x4, +1.176 x8, +1.358 x4, +1.988 x4, +4.885 x4, +7.026 x4, +7.123 x4, +7.138 x4, +10.397 x4
(m^2/m0^2)[phi]: -3.038 x4, -2.916 x1, -2.566 x1, -2.561 x4, -2.232 x4, -1.792 x4, -1.776 x1, -1.514 x2, -1.367 x1, -0.982 x4, -0.661 x4, -0.534 x1, +0.000 x26, +1.693 x4, +3.257 x4, +3.516 x1, +3.546 x1, +6.996 x1, +8.309 x1, +8.368 x1


### P=-10.35834298 S=3.36e-27 {'omega': 'pi/8'} ###
dim(GG)=1, rank=1, num_u1s=1, BF=stable

=== 8x8s ===
+0.54734,  0      ,  0      ,  0      ,  0      ,  0      ,  0      ,  0      
 0      , -0.01832,  0      ,  0      ,  0      ,  0      ,  0      ,  0      
 0      ,  0      , -0.01832,  0      ,  0      ,  0      ,  0      ,  0      
 0      ,  0      ,  0      , -0.03114,  0      ,  0      ,  0      ,  0      
 0      ,  0      ,  0      ,  0      , -0.03399,  0      ,  0      ,  0      
 0      ,  0      ,  0      ,  0      ,  0      , -0.10555,  0      ,  0      
 0      ,  0      ,  0      ,  0      ,  0      ,  0      , -0.10555,  0      
 0      ,  0      ,  0      ,  0      ,  0      ,  0      ,  0      , -0.23447
=== 8x8c ===
-0.20459,  0      ,  0      ,  0      , +0.07199,  0      ,  0      ,  0      
 0      , -0.05207,  0      ,  0      ,  0      , +0.04248,  0      ,  0      
 0      ,  0      , -0.05207,  0      ,  0      ,  0      , -0.04248,  0      
 0      ,  0      ,  0      , +0.35016,  0      ,  0      ,  0      , -0.27522
+0.07199,  0      ,  0      ,  0      , -0.06102,  0      ,  0      ,  0      
 0      , +0.04248,  0      ,  0      ,  0      , -0.07181,  0      ,  0      
 0      ,  0      , -0.04248,  0      ,  0      ,  0      , -0.07181,  0      
 0      ,  0      ,  0      , -0.27522,  0      ,  0      ,  0      , +0.16320

(m^2/m0^2)[psi]: +1.062 x1, +1.376 x2, +1.815 x1, +1.825 x1, +1.977 x2, +4.060 x1
(m^2/m0^2)[vec]: +0.000 x29, +0.012 x2, +0.018 x1, +0.067 x2, +0.073 x2, +0.157 x2, +0.417 x1, +0.451 x2, +0.472 x1, +1.709 x1, +1.911 x2, +2.330 x1, +2.713 x2, +2.879 x1, +3.208 x1, +3.320 x1, +3.378 x2, +3.723 x2, +5.487 x1
(m^2/m0^2)[chi]: +0.011 x1, +0.019 x2, +0.020 x1, +0.030 x2, +0.036 x2, +0.233 x2, +0.262 x2, +0.299 x1, +0.307 x1, +0.348 x2, +0.371 x1, +0.436 x1, +0.560 x1, +0.587 x2, +0.891 x1, +0.932 x2, +0.972 x2, +1.201 x1, +1.216 x2, +1.287 x2, +1.643 x2, +1.721 x1, +1.822 x1, +1.891 x2, +2.040 x1, +2.476 x2, +3.014 x1, +3.870 x2, +4.250 x1, +4.790 x1, +5.498 x1, +5.504 x2, +5.892 x2, +6.180 x1, +7.262 x1, +7.299 x1, +7.907 x2, +16.238 x1
(m^2/m0^2)[phi]: -2.187 x1, -2.138 x2, -2.095 x2, -2.084 x1, -2.072 x2, -2.069 x2, -1.967 x1, -1.965 x2, -1.879 x2, -1.743 x1, -1.707 x2, -1.637 x2, -1.405 x2, -1.358 x2, -1.304 x1, -1.288 x1, -1.171 x2, -1.152 x1, -0.925 x1, -0.909 x1, -0.837 x2, -0.550 x1, -0.102 x2, +0.000 x27, +0.665 x1, +1.389 x1, +1.663 x1, +1.715 x2, +5.711 x1, +6.668 x1


### P=-10.39230485 S=5.99e-10 {'omega': 'pi/8'} ###
dim(GG)=8, rank=2, num_u1s=0, N=1, BF=stable

=== 8x8s ===
+0.55091,  0      ,  0      ,  0      ,  0      ,  0      ,  0      ,  0      
 0      , -0.04855,  0      ,  0      ,  0      ,  0      ,  0      ,  0      
 0      ,  0      , -0.04855,  0      ,  0      ,  0      ,  0      ,  0      
 0      ,  0      ,  0      , -0.04855,  0      ,  0      ,  0      ,  0      
 0      ,  0      ,  0      ,  0      , -0.04855,  0      ,  0      ,  0      
 0      ,  0      ,  0      ,  0      ,  0      , -0.04855,  0      ,  0      
 0      ,  0      ,  0      ,  0      ,  0      ,  0      , -0.04855,  0      
 0      ,  0      ,  0      ,  0      ,  0      ,  0      ,  0      , -0.25959
=== 8x8c ===
-0.04855,  0      ,  0      ,  0      ,  0      ,  0      ,  0      ,  0      
 0      , -0.04855,  0      ,  0      ,  0      ,  0      ,  0      ,  0      
 0      ,  0      , -0.04855,  0      ,  0      ,  0      ,  0      ,  0      
 0      ,  0      ,  0      , +0.55091,  0      ,  0      ,  0      ,  0      
 0      ,  0      ,  0      ,  0      , -0.25959,  0      ,  0      ,  0      
 0      ,  0      ,  0      ,  0      ,  0      , -0.04855,  0      ,  0      
 0      ,  0      ,  0      ,  0      ,  0      ,  0      , -0.04855,  0      
 0      ,  0      ,  0      ,  0      ,  0      ,  0      ,  0      , -0.04855

(m^2/m0^2)[psi]: +1.000 x1, +1.778 x6, +4.000 x1
(m^2/m0^2)[vec]: +0.000 x36, +0.444 x6, +2.000 x1, +2.778 x6, +3.111 x6, +6.000 x1
(m^2/m0^2)[chi]: +0.000 x8, +0.444 x12, +1.000 x8, +1.538 x6, +1.778 x6, +4.000 x1, +5.018 x6, +6.000 x2, +7.111 x6, +16.000 x1
(m^2/m0^2)[phi]: -2.222 x12, -2.000 x8, -0.889 x12, +0.000 x28, +0.778 x6, +1.551 x2, +6.449 x2


### P=-10.40904218 S=1.42e-27 {'omega': 'pi/8'} ###
dim(GG)=1, rank=1, num_u1s=1, BF=unstable

=== 8x8s ===
+0.41136,  0      ,  0      ,  0      ,  0      ,  0      ,  0      ,  0      
 0      , +0.06859,  0      ,  0      ,  0      ,  0      ,  0      ,  0      
 0      ,  0      , +0.06859,  0      ,  0      ,  0      ,  0      ,  0      
 0      ,  0      ,  0      , +0.06056,  0      ,  0      ,  0      ,  0      
 0      ,  0      ,  0      ,  0      , +0.06056,  0      ,  0      ,  0      
 0      ,  0      ,  0      ,  0      ,  0      , -0.12489,  0      ,  0      
 0      ,  0      ,  0      ,  0      ,  0      ,  0      , -0.27238,  0      
 0      ,  0      ,  0      ,  0      ,  0      ,  0      ,  0      , -0.27238
=== 8x8c ===
-0.13468,  0      , +0.10252,  0      , +0.09823,  0      , +0.00550,  0      
 0      , +0.13468,  0      , -0.10128,  0      , -0.03584,  0      , +0.13956
+0.10252,  0      , -0.13468,  0      , -0.00550,  0      , -0.09823,  0      
 0      , -0.10128,  0      , +0.13468,  0      , +0.13956,  0      , -0.03584
+0.09823,  0      , -0.00550,  0      , +0.00062,  0      , +0.03278,  0      
 0      , -0.03584,  0      , +0.13956,  0      , -0.00062,  0      , -0.23658
+0.00550,  0      , -0.09823,  0      , +0.03278,  0      , +0.00062,  0      
 0      , +0.13956,  0      , -0.03584,  0      , -0.23658,  0      , -0.00062

(m^2/m0^2)[psi]: +1.194 x1, +1.341 x2, +2.428 x2, +2.612 x2, +2.737 x1
(m^2/m0^2)[vec]: +0.000 x29, +0.016 x2, +0.183 x2, +0.185 x1, +0.283 x2, +0.368 x2, +0.492 x2, +0.558 x1, +1.124 x2, +2.232 x2, +2.389 x2, +2.788 x1, +3.012 x1, +3.667 x2, +3.855 x2, +4.390 x1, +6.002 x2
(m^2/m0^2)[chi]: +0.000 x7, +0.017 x1, +0.044 x2, +0.054 x1, +0.066 x1, +0.103 x2, +0.131 x2, +0.190 x2, +0.205 x2, +0.522 x2, +0.915 x2, +1.395 x1, +1.543 x2, +1.592 x2, +1.625 x2, +1.651 x2, +1.678 x1, +1.842 x1, +2.416 x2, +2.601 x1, +3.853 x2, +4.718 x2, +4.777 x1, +5.363 x2, +5.603 x1, +6.818 x2, +7.544 x1, +8.119 x2, +9.712 x2, +10.446 x2, +10.949 x1
(m^2/m0^2)[phi]: -2.596 x1, -2.571 x1, -2.385 x2, -2.358 x2, -2.273 x2, -2.162 x2, -2.161 x2, -2.062 x2, -2.057 x2, -1.889 x1, -1.850 x2, -1.606 x2, -1.587 x2, -1.551 x1, -1.435 x2, -1.396 x2, -1.152 x1, -0.797 x2, -0.758 x2, +0.000 x27, +1.102 x1, +1.575 x1, +3.150 x2, +3.185 x1, +3.799 x2, +6.747 x2, +7.969 x1


### P=-10.44155254 S=1.71e-21 {'omega': 'pi/8'} ###
dim(GG)=4, rank=2, num_u1s=1, BF=unstable

=== 8x8s ===
+0.53244,  0      ,  0      ,  0      ,  0      ,  0      ,  0      ,  0      
 0      , +0.04875,  0      ,  0      ,  0      ,  0      ,  0      ,  0      
